phi : 0.866667
gamma : 0.480519
phi : 0.833333
gamma : 0.428571
phi : 0.733333
gamma : 0.428571
phi : 0.818182
gamma : 0.428571