phi :0.714286
gamma : 0.428571