phi : 0.862069
gamma : 0.480519
phi : 0.809524
gamma : 0.428571