phi : 0.833333
gamma : 0.480519
phi : 0.84
gamma : 0.480519
